Stacktrace Code:

Line	 OP	 L	  M
  0	JMP	 0	 32
  1	JMP	 0	 23
  2	JMP	 0	 14
  3	JMP	 0	  4
  4	INC	 0	  6
  5	LIT	 0	  1
  6	STO	 0	  5
  7	LOD	 0	  4
  8	LOD	 0	  5
  9	OPR	 0	  2
 10	LOD	 3	  8
 11	OPR	 0	  2
 12	STO	 2	  4
 13	OPR	 0	  0
 14	INC	 0	  7
 15	LOD	 1	  4
 16	LOD	 1	  6
 17	OPR	 0	  2
 18	LOD	 2	  8
 19	OPR	 0	  2
 20	STO	 0	  4
 21	CAL	 2	  4
 22	OPR	 0	  0
 23	INC	 0	  8
 24	LIT	 0	  2
 25	STO	 1	  6
 26	LOD	 1	  6
 27	LOD	 1	  8
 28	OPR	 0	  2
 29	STO	 0	  6
 30	CAL	 1	  3
 31	OPR	 0	  0
 32	INC	 0	  9
 33	LIT	 0	  1
 34	STO	 0	  4
 35	LIT	 0	  2
 36	STO	 0	  5
 37	LIT	 0	  3
 38	STO	 0	  6
 39	LIT	 0	  4
 40	STO	 0	  7
 41	LIT	 0	  5
 42	STO	 0	  8
 43	LOD	 0	  7
 44	LOD	 0	  8
 45	OPR	 0	  2
 46	STO	 0	  4
 47	LOD	 0	  6
 48	SIO	 0	  1
 49	CAL	 0	  2
 50	OPR	 0	  0

Stacktrace:
				  PC		 BP		 SP		Stack
Initial Values			  0		  1		  0
  0	JMP	 0	 32	 32		  1		  0		
 32	INC	 0	  9	 33		  1		  9		0 0 0 0 0 0 0 0 0 
 33	LIT	 0	  1	 34		  1		 10		0 0 0 0 0 0 0 0 0 1 
 34	STO	 0	  4	 35		  1		  9		0 0 0 0 1 0 0 0 0 
 35	LIT	 0	  2	 36		  1		 10		0 0 0 0 1 0 0 0 0 2 
 36	STO	 0	  5	 37		  1		  9		0 0 0 0 1 2 0 0 0 
 37	LIT	 0	  3	 38		  1		 10		0 0 0 0 1 2 0 0 0 3 
 38	STO	 0	  6	 39		  1		  9		0 0 0 0 1 2 3 0 0 
 39	LIT	 0	  4	 40		  1		 10		0 0 0 0 1 2 3 0 0 4 
 40	STO	 0	  7	 41		  1		  9		0 0 0 0 1 2 3 4 0 
 41	LIT	 0	  5	 42		  1		 10		0 0 0 0 1 2 3 4 0 5 
 42	STO	 0	  8	 43		  1		  9		0 0 0 0 1 2 3 4 5 
 43	LOD	 0	  7	 44		  1		 10		0 0 0 0 1 2 3 4 5 4 
 44	LOD	 0	  8	 45		  1		 11		0 0 0 0 1 2 3 4 5 4 5 
 45	OPR	 0	  2	 46		  1		 10		0 0 0 0 1 2 3 4 5 9 
 46	STO	 0	  4	 47		  1		  9		0 0 0 0 9 2 3 4 5 
 47	LOD	 0	  6	 48		  1		 10		0 0 0 0 9 2 3 4 5 3 
 48	SIO	 0	  1	 49		  1		  9		0 0 0 0 9 2 3 4 5 
 49	CAL	 0	  2	  2		 10		  9		0 0 0 0 9 2 3 4 5 
  2	JMP	 0	 14	 14		 10		  9		0 0 0 0 9 2 3 4 5 
 14	INC	 0	  7	 15		 10		 16		0 0 0 0 9 2 3 4 5 | 0 1 1 50 0 0 0 
 15	LOD	 1	  4	 16		 10		 17		0 0 0 0 9 2 3 4 5 | 0 1 1 50 0 0 0 9 
 16	LOD	 1	  6	 17		 10		 18		0 0 0 0 9 2 3 4 5 | 0 1 1 50 0 0 0 9 3 
 17	OPR	 0	  2	 18		 10		 17		0 0 0 0 9 2 3 4 5 | 0 1 1 50 0 0 0 12 
 18	LOD	 2	  8	 19		 10		 18		0 0 0 0 9 2 3 4 5 | 0 1 1 50 0 0 0 12 4 
 19	OPR	 0	  2	 20		 10		 17		0 0 0 0 9 2 3 4 5 | 0 1 1 50 0 0 0 16 
 20	STO	 0	  4	 21		 10		 16		0 0 0 0 9 2 3 4 5 | 0 1 1 50 16 0 0 
 21	CAL	 2	  4	  4		 17		 16		0 0 0 0 9 2 3 4 5 | 0 1 1 50 16 0 0 
  4	INC	 0	  6	  5		 17		 22		0 0 0 0 9 2 3 4 5 | 0 1 1 50 16 0 0 | 0 0 10 22 0 0 
  5	LIT	 0	  1	  6		 17		 23		0 0 0 0 9 2 3 4 5 | 0 1 1 50 16 0 0 | 0 0 10 22 0 0 1 
  6	STO	 0	  5	  7		 17		 22		0 0 0 0 9 2 3 4 5 | 0 1 1 50 16 0 0 | 0 0 10 22 0 1 
  7	LOD	 0	  4	  8		 17		 23		0 0 0 0 9 2 3 4 5 | 0 1 1 50 16 0 0 | 0 0 10 22 0 1 0 
  8	LOD	 0	  5	  9		 17		 24		0 0 0 0 9 2 3 4 5 | 0 1 1 50 16 0 0 | 0 0 10 22 0 1 0 1 
  9	OPR	 0	  2	 10		 17		 23		0 0 0 0 9 2 3 4 5 | 0 1 1 50 16 0 0 | 0 0 10 22 0 1 1 
 10	LOD	 3	  8	 11		 17		 24		0 0 0 0 9 2 3 4 5 | 0 1 1 50 16 0 0 | 0 0 10 22 0 1 1 4 
 11	OPR	 0	  2	 12		 17		 23		0 0 0 0 9 2 3 4 5 | 0 1 1 50 16 0 0 | 0 0 10 22 0 1 5 
 12	STO	 2	  4	 13		 17		 22		0 0 0 5 9 2 3 4 5 | 0 1 1 50 16 0 0 | 0 0 10 22 0 1 
 13	OPR	 0	  0	 22		 10		 16		0 0 0 5 9 2 3 4 5 | 0 1 1 50 16 0 0 
 22	OPR	 0	  0	 50		  1		  9		0 0 0 5 9 2 3 4 5 
 50	OPR	 0	  0	  5		  0		  0		
